//Maya ASCII 2019 scene
//Name: skinpaintingScene.ma
//Last modified: Wed, Sep 18, 2019 07:18:21 PM
//Codeset: 1252
file -rdi 1 -ns "model" -rfn "modelRN" -op "v=0;p=17;f=0" -typ "mayaAscii" "C:/Users/nilas/Documents/Projects/riggingWithLasse/assets/model.ma";
file -rdi 1 -ns "skeleton" -rfn "skeletonRN" -op "v=0;p=17;f=0" -typ "mayaAscii"
		 "C:/Users/nilas/Documents/Projects/riggingWithLasse/assets/skeleton.ma";
file -r -ns "model" -dr 1 -rfn "modelRN" -op "v=0;p=17;f=0" -typ "mayaAscii" "C:/Users/nilas/Documents/Projects/riggingWithLasse/assets/model.ma";
file -r -ns "skeleton" -dr 1 -rfn "skeletonRN" -op "v=0;p=17;f=0" -typ "mayaAscii"
		 "C:/Users/nilas/Documents/Projects/riggingWithLasse/assets/skeleton.ma";
requires maya "2019";
requires "mtoa" "3.1.2";
requires "mtoa" "3.1.2";
currentUnit -l centimeter -a degree -t film;
fileInfo "application" "maya";
fileInfo "product" "Maya 2019";
fileInfo "version" "2019";
fileInfo "cutIdentifier" "201812112215-434d8d9c04";
fileInfo "osv" "Microsoft Windows 10 Technical Preview  (Build 17763)\n";
fileInfo "license" "student";
createNode transform -s -n "persp";
	rename -uid "0C4BC41C-4E6A-B670-AC41-04BC1031F347";
	setAttr ".v" no;
	setAttr ".t" -type "double3" 76.550009653765599 199.62484715878492 241.40818374504741 ;
	setAttr ".r" -type "double3" -21.938352729505322 15.399999999972975 -4.1237551121688231e-16 ;
createNode camera -s -n "perspShape" -p "persp";
	rename -uid "C0E215A1-4C80-547E-E713-B68FE82A6AD0";
	setAttr -k off ".v" no;
	setAttr ".fl" 34.999999999999993;
	setAttr ".coi" 258.72650261918511;
	setAttr ".imn" -type "string" "persp";
	setAttr ".den" -type "string" "persp_depth";
	setAttr ".man" -type "string" "persp_mask";
	setAttr ".hc" -type "string" "viewSet -p %camera";
	setAttr ".ai_translator" -type "string" "perspective";
createNode transform -s -n "top";
	rename -uid "4B8ADEEE-41FC-9468-5404-A885508A2C84";
	setAttr ".v" no;
	setAttr ".t" -type "double3" 0 1000.1 0 ;
	setAttr ".r" -type "double3" -90 0 0 ;
createNode camera -s -n "topShape" -p "top";
	rename -uid "02045B44-45E0-64E3-4018-3BA7D89BE3AB";
	setAttr -k off ".v" no;
	setAttr ".rnd" no;
	setAttr ".coi" 1000.1;
	setAttr ".ow" 30;
	setAttr ".imn" -type "string" "top";
	setAttr ".den" -type "string" "top_depth";
	setAttr ".man" -type "string" "top_mask";
	setAttr ".hc" -type "string" "viewSet -t %camera";
	setAttr ".o" yes;
	setAttr ".ai_translator" -type "string" "orthographic";
createNode transform -s -n "front";
	rename -uid "E29BFE04-4C91-8880-B625-CDA76C6F8140";
	setAttr ".v" no;
	setAttr ".t" -type "double3" 0 0 1000.1 ;
createNode camera -s -n "frontShape" -p "front";
	rename -uid "B737B0F7-4346-AC0D-D74F-D18D2AEF7110";
	setAttr -k off ".v" no;
	setAttr ".rnd" no;
	setAttr ".coi" 1000.1;
	setAttr ".ow" 30;
	setAttr ".imn" -type "string" "front";
	setAttr ".den" -type "string" "front_depth";
	setAttr ".man" -type "string" "front_mask";
	setAttr ".hc" -type "string" "viewSet -f %camera";
	setAttr ".o" yes;
	setAttr ".ai_translator" -type "string" "orthographic";
createNode transform -s -n "side";
	rename -uid "9BE5AB34-4682-1356-71E5-C0B6FA483C53";
	setAttr ".v" no;
	setAttr ".t" -type "double3" 1000.1 0 0 ;
	setAttr ".r" -type "double3" 0 90 0 ;
createNode camera -s -n "sideShape" -p "side";
	rename -uid "2E738228-4DD8-5497-0B54-25A32BA2F8F6";
	setAttr -k off ".v" no;
	setAttr ".rnd" no;
	setAttr ".coi" 1000.1;
	setAttr ".ow" 30;
	setAttr ".imn" -type "string" "side";
	setAttr ".den" -type "string" "side_depth";
	setAttr ".man" -type "string" "side_mask";
	setAttr ".hc" -type "string" "viewSet -s %camera";
	setAttr ".o" yes;
	setAttr ".ai_translator" -type "string" "orthographic";
createNode fosterParent -n "modelRNfosterParent1";
	rename -uid "FD5A71F0-4E2A-00C6-C9B8-83A0B3EA3399";
createNode mesh -n "Body_NoGenitalsShapeDeformed" -p "modelRNfosterParent1";
	rename -uid "881CC74F-4D00-9859-9243-08A9E9748170";
	setAttr -k off ".v";
	setAttr -s 8 ".iog[0].og";
	setAttr ".vir" yes;
	setAttr ".vif" yes;
	setAttr ".uvst[0].uvsn" -type "string" "UVChannel_1";
	setAttr ".cuvs" -type "string" "UVChannel_1";
	setAttr ".dcc" -type "string" "Ambient+Diffuse";
	setAttr ".clst[0].clsn" -type "string" "colorSet1";
	setAttr ".covm[0]"  0 1 1;
	setAttr ".cdvm[0]"  0 1 1;
	setAttr ".vcs" 2;
	setAttr ".ai_translator" -type "string" "polymesh";
createNode lightLinker -s -n "lightLinker1";
	rename -uid "2849533D-4451-1AB5-750D-F8890CD934E9";
	setAttr -s 9 ".lnk";
	setAttr -s 9 ".slnk";
createNode shapeEditorManager -n "shapeEditorManager";
	rename -uid "1EEFA3F2-42B2-0BDB-F55D-6B8555B978CD";
createNode poseInterpolatorManager -n "poseInterpolatorManager";
	rename -uid "79110553-4960-7D1A-1D71-F4B900CC16D5";
createNode displayLayerManager -n "layerManager";
	rename -uid "12A366F7-48EA-E3A3-1341-DEB795B8B0A8";
createNode displayLayer -n "defaultLayer";
	rename -uid "A27E919D-44CE-4663-DDC6-10858238FB45";
createNode renderLayerManager -n "renderLayerManager";
	rename -uid "4CA48605-43E1-06F7-F688-6C9D6A3AEF4A";
createNode renderLayer -n "defaultRenderLayer";
	rename -uid "4B7717F4-415C-CAD5-7B34-DAAB83C86C08";
	setAttr ".g" yes;
createNode reference -n "modelRN";
	rename -uid "5E7911BE-4148-A724-1BA9-2F8760893981";
	setAttr -s 11 ".phl";
	setAttr ".phl[1]" 0;
	setAttr ".phl[2]" 0;
	setAttr ".phl[3]" 0;
	setAttr ".phl[4]" 0;
	setAttr ".phl[5]" 0;
	setAttr ".phl[6]" 0;
	setAttr ".phl[7]" 0;
	setAttr ".phl[8]" 0;
	setAttr ".phl[9]" 0;
	setAttr ".phl[10]" 0;
	setAttr ".phl[11]" 0;
	setAttr ".ed" -type "dataReferenceEdits" 
		"modelRN"
		"modelRN" 0
		"modelRN" 31
		0 "|modelRNfosterParent1|Body_NoGenitalsShapeDeformed" "|model_grp|body_GRP|Body_NoGenitals" 
		"-s -r "
		2 "|model_grp|skeleton_GRP" "visibility" " 0"
		2 "|model_grp|muscles_GRP" "visibility" " 0"
		2 "|model_grp|body_GRP|Body_NoGenitals|Body_NoGenitalsShape" "intermediateObject" 
		" 1"
		5 3 "modelRN" "|model_grp|body_GRP|Body_NoGenitals|Body_NoGenitalsShape.worldMesh" 
		"modelRN.placeHolderList[1]" ""
		5 3 "modelRN" "groupId27.groupId" "modelRN.placeHolderList[2]" ""
		5 3 "modelRN" "Body_NoGenitalsSG.memberWireframeColor" "modelRN.placeHolderList[3]" 
		""
		5 0 "modelRN" "groupId27.message" "Body_NoGenitalsSG.groupNodes" "modelRN.placeHolderList[4]" 
		"modelRN.placeHolderList[5]" ""
		5 4 "modelRN" "Body_NoGenitalsSG.dagSetMembers" "modelRN.placeHolderList[6]" 
		""
		5 3 "modelRN" "groupId28.groupId" "modelRN.placeHolderList[7]" ""
		5 3 "modelRN" "Body_NoGenitalsSG1.memberWireframeColor" "modelRN.placeHolderList[8]" 
		""
		5 0 "modelRN" "groupId28.message" "Body_NoGenitalsSG1.groupNodes" "modelRN.placeHolderList[9]" 
		"modelRN.placeHolderList[10]" ""
		5 4 "modelRN" "Body_NoGenitalsSG1.dagSetMembers" "modelRN.placeHolderList[11]" 
		""
		8 "|model_grp|body_GRP|Body_NoGenitals" "translateX"
		8 "|model_grp|body_GRP|Body_NoGenitals" "translateY"
		8 "|model_grp|body_GRP|Body_NoGenitals" "translateZ"
		8 "|model_grp|body_GRP|Body_NoGenitals" "rotateX"
		8 "|model_grp|body_GRP|Body_NoGenitals" "rotateY"
		8 "|model_grp|body_GRP|Body_NoGenitals" "rotateZ"
		8 "|model_grp|body_GRP|Body_NoGenitals" "scaleX"
		8 "|model_grp|body_GRP|Body_NoGenitals" "scaleY"
		8 "|model_grp|body_GRP|Body_NoGenitals" "scaleZ"
		9 "|model_grp|body_GRP|Body_NoGenitals" "translateX"
		9 "|model_grp|body_GRP|Body_NoGenitals" "translateY"
		9 "|model_grp|body_GRP|Body_NoGenitals" "translateZ"
		9 "|model_grp|body_GRP|Body_NoGenitals" "rotateX"
		9 "|model_grp|body_GRP|Body_NoGenitals" "rotateY"
		9 "|model_grp|body_GRP|Body_NoGenitals" "rotateZ"
		9 "|model_grp|body_GRP|Body_NoGenitals" "scaleX"
		9 "|model_grp|body_GRP|Body_NoGenitals" "scaleY"
		9 "|model_grp|body_GRP|Body_NoGenitals" "scaleZ";
	setAttr ".ptag" -type "string" "";
lockNode -l 1 ;
createNode reference -n "skeletonRN";
	rename -uid "D3AED96F-408F-42F2-B410-799D3FBA5FA9";
	setAttr -s 126 ".phl";
	setAttr ".phl[1]" 0;
	setAttr ".phl[2]" 0;
	setAttr ".phl[3]" 0;
	setAttr ".phl[4]" 0;
	setAttr ".phl[5]" 0;
	setAttr ".phl[6]" 0;
	setAttr ".phl[7]" 0;
	setAttr ".phl[8]" 0;
	setAttr ".phl[9]" 0;
	setAttr ".phl[10]" 0;
	setAttr ".phl[11]" 0;
	setAttr ".phl[12]" 0;
	setAttr ".phl[13]" 0;
	setAttr ".phl[14]" 0;
	setAttr ".phl[15]" 0;
	setAttr ".phl[16]" 0;
	setAttr ".phl[17]" 0;
	setAttr ".phl[18]" 0;
	setAttr ".phl[19]" 0;
	setAttr ".phl[20]" 0;
	setAttr ".phl[21]" 0;
	setAttr ".phl[22]" 0;
	setAttr ".phl[23]" 0;
	setAttr ".phl[24]" 0;
	setAttr ".phl[25]" 0;
	setAttr ".phl[26]" 0;
	setAttr ".phl[27]" 0;
	setAttr ".phl[28]" 0;
	setAttr ".phl[29]" 0;
	setAttr ".phl[30]" 0;
	setAttr ".phl[31]" 0;
	setAttr ".phl[32]" 0;
	setAttr ".phl[33]" 0;
	setAttr ".phl[34]" 0;
	setAttr ".phl[35]" 0;
	setAttr ".phl[36]" 0;
	setAttr ".phl[37]" 0;
	setAttr ".phl[38]" 0;
	setAttr ".phl[39]" 0;
	setAttr ".phl[40]" 0;
	setAttr ".phl[41]" 0;
	setAttr ".phl[42]" 0;
	setAttr ".phl[43]" 0;
	setAttr ".phl[44]" 0;
	setAttr ".phl[45]" 0;
	setAttr ".phl[46]" 0;
	setAttr ".phl[47]" 0;
	setAttr ".phl[48]" 0;
	setAttr ".phl[49]" 0;
	setAttr ".phl[50]" 0;
	setAttr ".phl[51]" 0;
	setAttr ".phl[52]" 0;
	setAttr ".phl[53]" 0;
	setAttr ".phl[54]" 0;
	setAttr ".phl[55]" 0;
	setAttr ".phl[56]" 0;
	setAttr ".phl[57]" 0;
	setAttr ".phl[58]" 0;
	setAttr ".phl[59]" 0;
	setAttr ".phl[60]" 0;
	setAttr ".phl[61]" 0;
	setAttr ".phl[62]" 0;
	setAttr ".phl[63]" 0;
	setAttr ".phl[64]" 0;
	setAttr ".phl[65]" 0;
	setAttr ".phl[66]" 0;
	setAttr ".phl[67]" 0;
	setAttr ".phl[68]" 0;
	setAttr ".phl[69]" 0;
	setAttr ".phl[70]" 0;
	setAttr ".phl[71]" 0;
	setAttr ".phl[72]" 0;
	setAttr ".phl[73]" 0;
	setAttr ".phl[74]" 0;
	setAttr ".phl[75]" 0;
	setAttr ".phl[76]" 0;
	setAttr ".phl[77]" 0;
	setAttr ".phl[78]" 0;
	setAttr ".phl[79]" 0;
	setAttr ".phl[80]" 0;
	setAttr ".phl[81]" 0;
	setAttr ".phl[82]" 0;
	setAttr ".phl[83]" 0;
	setAttr ".phl[84]" 0;
	setAttr ".phl[85]" 0;
	setAttr ".phl[86]" 0;
	setAttr ".phl[87]" 0;
	setAttr ".phl[88]" 0;
	setAttr ".phl[89]" 0;
	setAttr ".phl[90]" 0;
	setAttr ".phl[91]" 0;
	setAttr ".phl[92]" 0;
	setAttr ".phl[93]" 0;
	setAttr ".phl[94]" 0;
	setAttr ".phl[95]" 0;
	setAttr ".phl[96]" 0;
	setAttr ".phl[97]" 0;
	setAttr ".phl[98]" 0;
	setAttr ".phl[99]" 0;
	setAttr ".phl[100]" 0;
	setAttr ".phl[101]" 0;
	setAttr ".phl[102]" 0;
	setAttr ".phl[103]" 0;
	setAttr ".phl[104]" 0;
	setAttr ".phl[105]" 0;
	setAttr ".phl[106]" 0;
	setAttr ".phl[107]" 0;
	setAttr ".phl[108]" 0;
	setAttr ".phl[109]" 0;
	setAttr ".phl[110]" 0;
	setAttr ".phl[111]" 0;
	setAttr ".phl[112]" 0;
	setAttr ".phl[113]" 0;
	setAttr ".phl[114]" 0;
	setAttr ".phl[115]" 0;
	setAttr ".phl[116]" 0;
	setAttr ".phl[117]" 0;
	setAttr ".phl[118]" 0;
	setAttr ".phl[119]" 0;
	setAttr ".phl[120]" 0;
	setAttr ".phl[121]" 0;
	setAttr ".phl[122]" 0;
	setAttr ".phl[123]" 0;
	setAttr ".phl[124]" 0;
	setAttr ".phl[125]" 0;
	setAttr ".phl[126]" 0;
	setAttr ".ed" -type "dataReferenceEdits" 
		"skeletonRN"
		"skeletonRN" 0
		"skeletonRN" 246
		1 |jointHierarchy_grp|root "lockInfluenceWeights" "liw" " -ci 1 -min 0 -max 1 -at \"bool\""
		
		1 |jointHierarchy_grp|root|pelvisResult_jnt "lockInfluenceWeights" "liw" 
		" -ci 1 -min 0 -max 1 -at \"bool\""
		1 |jointHierarchy_grp|root|pelvisResult_jnt|spine1Result_jnt "lockInfluenceWeights" 
		"liw" " -ci 1 -min 0 -max 1 -at \"bool\""
		1 |jointHierarchy_grp|root|pelvisResult_jnt|spine1Result_jnt|spine2Result_jnt 
		"lockInfluenceWeights" "liw" " -ci 1 -min 0 -max 1 -at \"bool\""
		1 |jointHierarchy_grp|root|pelvisResult_jnt|spine1Result_jnt|spine2Result_jnt|spine3Result_jnt 
		"lockInfluenceWeights" "liw" " -ci 1 -min 0 -max 1 -at \"bool\""
		1 |jointHierarchy_grp|root|pelvisResult_jnt|spine1Result_jnt|spine2Result_jnt|spine3Result_jnt|spine4Result_jnt 
		"lockInfluenceWeights" "liw" " -ci 1 -min 0 -max 1 -at \"bool\""
		1 |jointHierarchy_grp|root|pelvisResult_jnt|spine1Result_jnt|spine2Result_jnt|spine3Result_jnt|spine4Result_jnt|spineEndResult_jnt 
		"lockInfluenceWeights" "liw" " -ci 1 -min 0 -max 1 -at \"bool\""
		1 |jointHierarchy_grp|root|pelvisResult_jnt|spine1Result_jnt|spine2Result_jnt|spine3Result_jnt|spine4Result_jnt|spineEndResult_jnt|neckResult_jnt 
		"lockInfluenceWeights" "liw" " -ci 1 -min 0 -max 1 -at \"bool\""
		1 |jointHierarchy_grp|root|pelvisResult_jnt|spine1Result_jnt|spine2Result_jnt|spine3Result_jnt|spine4Result_jnt|spineEndResult_jnt|neckResult_jnt|neckEndResult_jnt 
		"lockInfluenceWeights" "liw" " -ci 1 -min 0 -max 1 -at \"bool\""
		1 |jointHierarchy_grp|root|pelvisResult_jnt|spine1Result_jnt|spine2Result_jnt|spine3Result_jnt|spine4Result_jnt|l_clavicleResult_jnt 
		"lockInfluenceWeights" "liw" " -ci 1 -min 0 -max 1 -at \"bool\""
		1 |jointHierarchy_grp|root|pelvisResult_jnt|spine1Result_jnt|spine2Result_jnt|spine3Result_jnt|spine4Result_jnt|l_clavicleResult_jnt|l_armUpperResult_jnt 
		"lockInfluenceWeights" "liw" " -ci 1 -min 0 -max 1 -at \"bool\""
		1 |jointHierarchy_grp|root|pelvisResult_jnt|spine1Result_jnt|spine2Result_jnt|spine3Result_jnt|spine4Result_jnt|l_clavicleResult_jnt|l_armUpperResult_jnt|l_armLowerResult_jnt 
		"lockInfluenceWeights" "liw" " -ci 1 -min 0 -max 1 -at \"bool\""
		1 |jointHierarchy_grp|root|pelvisResult_jnt|spine1Result_jnt|spine2Result_jnt|spine3Result_jnt|spine4Result_jnt|l_clavicleResult_jnt|l_armUpperResult_jnt|l_armLowerResult_jnt|l_armEndResult_jnt 
		"lockInfluenceWeights" "liw" " -ci 1 -min 0 -max 1 -at \"bool\""
		1 |jointHierarchy_grp|root|pelvisResult_jnt|spine1Result_jnt|spine2Result_jnt|spine3Result_jnt|spine4Result_jnt|r_clavicleResult_jnt 
		"lockInfluenceWeights" "liw" " -ci 1 -min 0 -max 1 -at \"bool\""
		1 |jointHierarchy_grp|root|pelvisResult_jnt|spine1Result_jnt|spine2Result_jnt|spine3Result_jnt|spine4Result_jnt|r_clavicleResult_jnt|r_armUpperResult_jnt 
		"lockInfluenceWeights" "liw" " -ci 1 -min 0 -max 1 -at \"bool\""
		1 |jointHierarchy_grp|root|pelvisResult_jnt|spine1Result_jnt|spine2Result_jnt|spine3Result_jnt|spine4Result_jnt|r_clavicleResult_jnt|r_armUpperResult_jnt|r_armLowerResult_jnt 
		"lockInfluenceWeights" "liw" " -ci 1 -min 0 -max 1 -at \"bool\""
		1 |jointHierarchy_grp|root|pelvisResult_jnt|spine1Result_jnt|spine2Result_jnt|spine3Result_jnt|spine4Result_jnt|r_clavicleResult_jnt|r_armUpperResult_jnt|r_armLowerResult_jnt|r_armEndResult_jnt 
		"lockInfluenceWeights" "liw" " -ci 1 -min 0 -max 1 -at \"bool\""
		1 |jointHierarchy_grp|root|pelvisResult_jnt|l_legUpperResult_jnt "lockInfluenceWeights" 
		"liw" " -ci 1 -min 0 -max 1 -at \"bool\""
		1 |jointHierarchy_grp|root|pelvisResult_jnt|l_legUpperResult_jnt|l_legLowerResult_jnt 
		"lockInfluenceWeights" "liw" " -ci 1 -min 0 -max 1 -at \"bool\""
		1 |jointHierarchy_grp|root|pelvisResult_jnt|l_legUpperResult_jnt|l_legLowerResult_jnt|l_legEndResult_jnt 
		"lockInfluenceWeights" "liw" " -ci 1 -min 0 -max 1 -at \"bool\""
		1 |jointHierarchy_grp|root|pelvisResult_jnt|r_legUpperResult_jnt "lockInfluenceWeights" 
		"liw" " -ci 1 -min 0 -max 1 -at \"bool\""
		1 |jointHierarchy_grp|root|pelvisResult_jnt|r_legUpperResult_jnt|r_legLowerResult_jnt 
		"lockInfluenceWeights" "liw" " -ci 1 -min 0 -max 1 -at \"bool\""
		1 |jointHierarchy_grp|root|pelvisResult_jnt|r_legUpperResult_jnt|r_legLowerResult_jnt|r_legEndResult_jnt 
		"lockInfluenceWeights" "liw" " -ci 1 -min 0 -max 1 -at \"bool\""
		2 "|jointHierarchy_grp|root" "bindPose" " -type \"matrix\" 1 0 0 0 0 1 0 0 0 0 1 0 0 0 0 1"
		
		2 "|jointHierarchy_grp|root" "lockInfluenceWeights" " 0"
		2 "|jointHierarchy_grp|root|pelvisResult_jnt" "useObjectColor" " 1"
		2 "|jointHierarchy_grp|root|pelvisResult_jnt" "objectColor" " 0"
		2 "|jointHierarchy_grp|root|pelvisResult_jnt" "bindPose" " -type \"matrix\" 0 0.99256087836149609 0.12174934392535905 0 0 0.12174934392535897 -0.99256087836149609 0 -1.00000000000000022 0 0 0 0 103.25221734898920545 -11.37302028841452284 1"
		
		2 "|jointHierarchy_grp|root|pelvisResult_jnt" "lockInfluenceWeights" " 0"
		
		2 "|jointHierarchy_grp|root|pelvisResult_jnt|spine1Result_jnt" "useObjectColor" 
		" 1"
		2 "|jointHierarchy_grp|root|pelvisResult_jnt|spine1Result_jnt" "objectColor" 
		" 1"
		2 "|jointHierarchy_grp|root|pelvisResult_jnt|spine1Result_jnt" "bindPose" 
		" -type \"matrix\" 0 0.98996955366613237 -0.14128086499621428 0 0 -0.14128086499621434 -0.98996955366613237 0 -1.00000000000000022 0 0 0 0 115.19171906663945038 -9.90849903575420043 1"
		
		2 "|jointHierarchy_grp|root|pelvisResult_jnt|spine1Result_jnt" "lockInfluenceWeights" 
		" 0"
		2 "|jointHierarchy_grp|root|pelvisResult_jnt|spine1Result_jnt|spine2Result_jnt" 
		"useObjectColor" " 1"
		2 "|jointHierarchy_grp|root|pelvisResult_jnt|spine1Result_jnt|spine2Result_jnt" 
		"objectColor" " 2"
		2 "|jointHierarchy_grp|root|pelvisResult_jnt|spine1Result_jnt|spine2Result_jnt" 
		"bindPose" " -type \"matrix\" 0 0.98391553473805982 -0.17863432061369858 0 0 -0.17863432061369863 -0.98391553473805982 0 -1.00000000000000022 0 0 0 0 125.45377012974380193 -11.37302028841452639 1"
		
		2 "|jointHierarchy_grp|root|pelvisResult_jnt|spine1Result_jnt|spine2Result_jnt" 
		"lockInfluenceWeights" " 0"
		2 "|jointHierarchy_grp|root|pelvisResult_jnt|spine1Result_jnt|spine2Result_jnt|spine3Result_jnt" 
		"useObjectColor" " 1"
		2 "|jointHierarchy_grp|root|pelvisResult_jnt|spine1Result_jnt|spine2Result_jnt|spine3Result_jnt" 
		"objectColor" " 3"
		2 "|jointHierarchy_grp|root|pelvisResult_jnt|spine1Result_jnt|spine2Result_jnt|spine3Result_jnt" 
		"bindPose" " -type \"matrix\" 0 0.99827006206148494 0.058795265045401168 0 0 0.058795265045401113 -0.99827006206148494 0 -1.00000000000000022 0 0 0 0 136.20918903242045417 -13.32571529196162174 1"
		
		2 "|jointHierarchy_grp|root|pelvisResult_jnt|spine1Result_jnt|spine2Result_jnt|spine3Result_jnt" 
		"lockInfluenceWeights" " 0"
		2 "|jointHierarchy_grp|root|pelvisResult_jnt|spine1Result_jnt|spine2Result_jnt|spine3Result_jnt|spine4Result_jnt" 
		"useObjectColor" " 1"
		2 "|jointHierarchy_grp|root|pelvisResult_jnt|spine1Result_jnt|spine2Result_jnt|spine3Result_jnt|spine4Result_jnt" 
		"objectColor" " 4"
		2 "|jointHierarchy_grp|root|pelvisResult_jnt|spine1Result_jnt|spine2Result_jnt|spine3Result_jnt|spine4Result_jnt" 
		"bindPose" " -type \"matrix\" 0 0.98047330215533246 0.19665224067021972 0 0 0.19665224067021966 -0.98047330215533246 0 -1.00000000000000022 0 0 0 0 144.49776873723550352 -12.83754154107484169 1"
		
		2 "|jointHierarchy_grp|root|pelvisResult_jnt|spine1Result_jnt|spine2Result_jnt|spine3Result_jnt|spine4Result_jnt" 
		"lockInfluenceWeights" " 0"
		2 "|jointHierarchy_grp|root|pelvisResult_jnt|spine1Result_jnt|spine2Result_jnt|spine3Result_jnt|spine4Result_jnt|spineEndResult_jnt" 
		"useObjectColor" " 1"
		2 "|jointHierarchy_grp|root|pelvisResult_jnt|spine1Result_jnt|spine2Result_jnt|spine3Result_jnt|spine4Result_jnt|spineEndResult_jnt" 
		"objectColor" " 5"
		2 "|jointHierarchy_grp|root|pelvisResult_jnt|spine1Result_jnt|spine2Result_jnt|spine3Result_jnt|spine4Result_jnt|spineEndResult_jnt" 
		"bindPose" " -type \"matrix\" 0 0.98047330215533246 0.19665224067021972 0 0 0.19665224067021966 -0.98047330215533246 0 -1.00000000000000022 0 0 0 0 151.79961276290589467 -11.37302028841451573 1"
		
		2 "|jointHierarchy_grp|root|pelvisResult_jnt|spine1Result_jnt|spine2Result_jnt|spine3Result_jnt|spine4Result_jnt|spineEndResult_jnt" 
		"lockInfluenceWeights" " 0"
		2 "|jointHierarchy_grp|root|pelvisResult_jnt|spine1Result_jnt|spine2Result_jnt|spine3Result_jnt|spine4Result_jnt|spineEndResult_jnt|neckResult_jnt" 
		"useObjectColor" " 1"
		2 "|jointHierarchy_grp|root|pelvisResult_jnt|spine1Result_jnt|spine2Result_jnt|spine3Result_jnt|spine4Result_jnt|spineEndResult_jnt|neckResult_jnt" 
		"objectColor" " 6"
		2 "|jointHierarchy_grp|root|pelvisResult_jnt|spine1Result_jnt|spine2Result_jnt|spine3Result_jnt|spine4Result_jnt|spineEndResult_jnt|neckResult_jnt" 
		"bindPose" " -type \"matrix\" 0 0.98047330215533246 0.19665224067021972 0 0 0.19665224067021966 -0.98047330215533246 0 -1.00000000000000022 0 0 0 0 159.36071614741169356 -7.87366665591597492 1"
		
		2 "|jointHierarchy_grp|root|pelvisResult_jnt|spine1Result_jnt|spine2Result_jnt|spine3Result_jnt|spine4Result_jnt|spineEndResult_jnt|neckResult_jnt" 
		"lockInfluenceWeights" " 0"
		2 "|jointHierarchy_grp|root|pelvisResult_jnt|spine1Result_jnt|spine2Result_jnt|spine3Result_jnt|spine4Result_jnt|spineEndResult_jnt|neckResult_jnt|neckEndResult_jnt" 
		"useObjectColor" " 1"
		2 "|jointHierarchy_grp|root|pelvisResult_jnt|spine1Result_jnt|spine2Result_jnt|spine3Result_jnt|spine4Result_jnt|spineEndResult_jnt|neckResult_jnt|neckEndResult_jnt" 
		"objectColor" " 7"
		2 "|jointHierarchy_grp|root|pelvisResult_jnt|spine1Result_jnt|spine2Result_jnt|spine3Result_jnt|spine4Result_jnt|spineEndResult_jnt|neckResult_jnt|neckEndResult_jnt" 
		"bindPose" " -type \"matrix\" 0 0.98047330215533246 0.19665224067021972 0 0 0.19665224067021966 -0.98047330215533246 0 -1.00000000000000022 0 0 0 0 165.35960808883777418 -6.56140904372902156 1"
		
		2 "|jointHierarchy_grp|root|pelvisResult_jnt|spine1Result_jnt|spine2Result_jnt|spine3Result_jnt|spine4Result_jnt|spineEndResult_jnt|neckResult_jnt|neckEndResult_jnt" 
		"lockInfluenceWeights" " 0"
		2 "|jointHierarchy_grp|root|pelvisResult_jnt|spine1Result_jnt|spine2Result_jnt|spine3Result_jnt|spine4Result_jnt|l_clavicleResult_jnt" 
		"useObjectColor" " 1"
		2 "|jointHierarchy_grp|root|pelvisResult_jnt|spine1Result_jnt|spine2Result_jnt|spine3Result_jnt|spine4Result_jnt|l_clavicleResult_jnt" 
		"objectColor" " 5"
		2 "|jointHierarchy_grp|root|pelvisResult_jnt|spine1Result_jnt|spine2Result_jnt|spine3Result_jnt|spine4Result_jnt|l_clavicleResult_jnt" 
		"bindPose" " -type \"matrix\" 0.85703730324731942 -0.087750641982252756 -0.50772717641885745 0 -0.50508657280929892 0.051714984695178282 -0.86151791294536306 0 0.10185585309799336 0.99479916826949566 0 0 3.98958971537999219 150.11182759441746271 -5.33304154022201526 1"
		
		2 "|jointHierarchy_grp|root|pelvisResult_jnt|spine1Result_jnt|spine2Result_jnt|spine3Result_jnt|spine4Result_jnt|l_clavicleResult_jnt" 
		"lockInfluenceWeights" " 0"
		2 "|jointHierarchy_grp|root|pelvisResult_jnt|spine1Result_jnt|spine2Result_jnt|spine3Result_jnt|spine4Result_jnt|l_clavicleResult_jnt|l_armUpperResult_jnt" 
		"useObjectColor" " 1"
		2 "|jointHierarchy_grp|root|pelvisResult_jnt|spine1Result_jnt|spine2Result_jnt|spine3Result_jnt|spine4Result_jnt|l_clavicleResult_jnt|l_armUpperResult_jnt" 
		"objectColor" " 6"
		2 "|jointHierarchy_grp|root|pelvisResult_jnt|spine1Result_jnt|spine2Result_jnt|spine3Result_jnt|spine4Result_jnt|l_clavicleResult_jnt|l_armUpperResult_jnt" 
		"rotate" " -type \"double3\" 0 0 0"
		2 "|jointHierarchy_grp|root|pelvisResult_jnt|spine1Result_jnt|spine2Result_jnt|spine3Result_jnt|spine4Result_jnt|l_clavicleResult_jnt|l_armUpperResult_jnt" 
		"bindPose" " -type \"matrix\" 0.97983549920545809 -0.10591730347867084 -0.16942231057508028 0 -0.16844105464984613 0.018207977071780346 -0.98554354580576542 0 0.10747095237895363 0.99420822486778948 0 0 16.83082731612796579 148.79703436541481665 -12.94046455908910076 1"
		
		2 "|jointHierarchy_grp|root|pelvisResult_jnt|spine1Result_jnt|spine2Result_jnt|spine3Result_jnt|spine4Result_jnt|l_clavicleResult_jnt|l_armUpperResult_jnt" 
		"lockInfluenceWeights" " 0"
		2 "|jointHierarchy_grp|root|pelvisResult_jnt|spine1Result_jnt|spine2Result_jnt|spine3Result_jnt|spine4Result_jnt|l_clavicleResult_jnt|l_armUpperResult_jnt|l_armLowerResult_jnt" 
		"useObjectColor" " 1"
		2 "|jointHierarchy_grp|root|pelvisResult_jnt|spine1Result_jnt|spine2Result_jnt|spine3Result_jnt|spine4Result_jnt|l_clavicleResult_jnt|l_armUpperResult_jnt|l_armLowerResult_jnt" 
		"objectColor" " 7"
		2 "|jointHierarchy_grp|root|pelvisResult_jnt|spine1Result_jnt|spine2Result_jnt|spine3Result_jnt|spine4Result_jnt|l_clavicleResult_jnt|l_armUpperResult_jnt|l_armLowerResult_jnt" 
		"rotate" " -type \"double3\" 0 0 0"
		2 "|jointHierarchy_grp|root|pelvisResult_jnt|spine1Result_jnt|spine2Result_jnt|spine3Result_jnt|spine4Result_jnt|l_clavicleResult_jnt|l_armUpperResult_jnt|l_armLowerResult_jnt" 
		"bindPose" " -type \"matrix\" 0.87660858102673977 -0.090087134911360375 0.47269620666316853 0 0.47021968137489012 -0.04832344194535506 -0.88122545140630759 0 0.10222938382864159 0.9947608522062058 0 0 46.58954152761270251 145.58020586018918152 -18.08601207756709783 1"
		
		2 "|jointHierarchy_grp|root|pelvisResult_jnt|spine1Result_jnt|spine2Result_jnt|spine3Result_jnt|spine4Result_jnt|l_clavicleResult_jnt|l_armUpperResult_jnt|l_armLowerResult_jnt" 
		"lockInfluenceWeights" " 0"
		2 "|jointHierarchy_grp|root|pelvisResult_jnt|spine1Result_jnt|spine2Result_jnt|spine3Result_jnt|spine4Result_jnt|l_clavicleResult_jnt|l_armUpperResult_jnt|l_armLowerResult_jnt|l_armEndResult_jnt" 
		"useObjectColor" " 1"
		2 "|jointHierarchy_grp|root|pelvisResult_jnt|spine1Result_jnt|spine2Result_jnt|spine3Result_jnt|spine4Result_jnt|l_clavicleResult_jnt|l_armUpperResult_jnt|l_armLowerResult_jnt|l_armEndResult_jnt" 
		"objectColor" " 0"
		2 "|jointHierarchy_grp|root|pelvisResult_jnt|spine1Result_jnt|spine2Result_jnt|spine3Result_jnt|spine4Result_jnt|l_clavicleResult_jnt|l_armUpperResult_jnt|l_armLowerResult_jnt|l_armEndResult_jnt" 
		"bindPose" " -type \"matrix\" 0.87660858102673977 -0.090087134911360375 0.47269620666316853 0 0.47021968137489012 -0.04832344194535506 -0.88122545140630759 0 0.10222938382864159 0.9947608522062058 0 0 67.72642925479937048 143.40801441979394326 -6.68830634486273823 1"
		
		2 "|jointHierarchy_grp|root|pelvisResult_jnt|spine1Result_jnt|spine2Result_jnt|spine3Result_jnt|spine4Result_jnt|l_clavicleResult_jnt|l_armUpperResult_jnt|l_armLowerResult_jnt|l_armEndResult_jnt" 
		"lockInfluenceWeights" " 0"
		2 "|jointHierarchy_grp|root|pelvisResult_jnt|spine1Result_jnt|spine2Result_jnt|spine3Result_jnt|spine4Result_jnt|r_clavicleResult_jnt" 
		"useObjectColor" " 1"
		2 "|jointHierarchy_grp|root|pelvisResult_jnt|spine1Result_jnt|spine2Result_jnt|spine3Result_jnt|spine4Result_jnt|r_clavicleResult_jnt" 
		"objectColor" " 5"
		2 "|jointHierarchy_grp|root|pelvisResult_jnt|spine1Result_jnt|spine2Result_jnt|spine3Result_jnt|spine4Result_jnt|r_clavicleResult_jnt" 
		"bindPose" " -type \"matrix\" 0.85703730324731953 0.087750641982252617 0.50772717641885701 0 -0.50508657280929858 -0.051714984695178573 0.86151791294536362 0 0.10185585309799391 -0.99479916826949544 0 0 -3.98959000000000197 150.112 -5.33303999999999334 1"
		
		2 "|jointHierarchy_grp|root|pelvisResult_jnt|spine1Result_jnt|spine2Result_jnt|spine3Result_jnt|spine4Result_jnt|r_clavicleResult_jnt" 
		"lockInfluenceWeights" " 0"
		2 "|jointHierarchy_grp|root|pelvisResult_jnt|spine1Result_jnt|spine2Result_jnt|spine3Result_jnt|spine4Result_jnt|r_clavicleResult_jnt|r_armUpperResult_jnt" 
		"useObjectColor" " 1"
		2 "|jointHierarchy_grp|root|pelvisResult_jnt|spine1Result_jnt|spine2Result_jnt|spine3Result_jnt|spine4Result_jnt|r_clavicleResult_jnt|r_armUpperResult_jnt" 
		"objectColor" " 6"
		2 "|jointHierarchy_grp|root|pelvisResult_jnt|spine1Result_jnt|spine2Result_jnt|spine3Result_jnt|spine4Result_jnt|r_clavicleResult_jnt|r_armUpperResult_jnt" 
		"bindPose" " -type \"matrix\" 0.97983549920545809 0.10591730347867055 0.16942231057507973 0 -0.16844105464983153 -0.018207977071912778 0.98554354580576575 0 0.10747095237897629 -0.99420822486778682 0 0 -16.83080000000001419 148.797 -12.94049999999999656 1"
		
		2 "|jointHierarchy_grp|root|pelvisResult_jnt|spine1Result_jnt|spine2Result_jnt|spine3Result_jnt|spine4Result_jnt|r_clavicleResult_jnt|r_armUpperResult_jnt" 
		"lockInfluenceWeights" " 0"
		2 "|jointHierarchy_grp|root|pelvisResult_jnt|spine1Result_jnt|spine2Result_jnt|spine3Result_jnt|spine4Result_jnt|r_clavicleResult_jnt|r_armUpperResult_jnt|r_armLowerResult_jnt" 
		"useObjectColor" " 1"
		2 "|jointHierarchy_grp|root|pelvisResult_jnt|spine1Result_jnt|spine2Result_jnt|spine3Result_jnt|spine4Result_jnt|r_clavicleResult_jnt|r_armUpperResult_jnt|r_armLowerResult_jnt" 
		"objectColor" " 7"
		2 "|jointHierarchy_grp|root|pelvisResult_jnt|spine1Result_jnt|spine2Result_jnt|spine3Result_jnt|spine4Result_jnt|r_clavicleResult_jnt|r_armUpperResult_jnt|r_armLowerResult_jnt" 
		"bindPose" " -type \"matrix\" 0.87660858102673966 0.090087134911359973 -0.47269620666316903 0 0.47021968137487513 0.048323441945502664 0.8812254514063077 0 0.10222938382871152 -0.99476085220619836 0 0 -46.58950000000004366 145.58000000000006935 -18.08599999999999497 1"
		
		2 "|jointHierarchy_grp|root|pelvisResult_jnt|spine1Result_jnt|spine2Result_jnt|spine3Result_jnt|spine4Result_jnt|r_clavicleResult_jnt|r_armUpperResult_jnt|r_armLowerResult_jnt" 
		"lockInfluenceWeights" " 0"
		2 "|jointHierarchy_grp|root|pelvisResult_jnt|spine1Result_jnt|spine2Result_jnt|spine3Result_jnt|spine4Result_jnt|r_clavicleResult_jnt|r_armUpperResult_jnt|r_armLowerResult_jnt|r_armEndResult_jnt" 
		"useObjectColor" " 1"
		2 "|jointHierarchy_grp|root|pelvisResult_jnt|spine1Result_jnt|spine2Result_jnt|spine3Result_jnt|spine4Result_jnt|r_clavicleResult_jnt|r_armUpperResult_jnt|r_armLowerResult_jnt|r_armEndResult_jnt" 
		"objectColor" " 0"
		2 "|jointHierarchy_grp|root|pelvisResult_jnt|spine1Result_jnt|spine2Result_jnt|spine3Result_jnt|spine4Result_jnt|r_clavicleResult_jnt|r_armUpperResult_jnt|r_armLowerResult_jnt|r_armEndResult_jnt" 
		"bindPose" " -type \"matrix\" 0.87660858102673966 0.090087134911359973 -0.47269620666316903 0 0.47021968137487513 0.048323441945502664 0.8812254514063077 0 0.10222938382871152 -0.99476085220619836 0 0 -67.72640000000004079 143.408 -6.68830999999998888 1"
		
		2 "|jointHierarchy_grp|root|pelvisResult_jnt|spine1Result_jnt|spine2Result_jnt|spine3Result_jnt|spine4Result_jnt|r_clavicleResult_jnt|r_armUpperResult_jnt|r_armLowerResult_jnt|r_armEndResult_jnt" 
		"lockInfluenceWeights" " 0"
		2 "|jointHierarchy_grp|root|pelvisResult_jnt|l_legUpperResult_jnt" "useObjectColor" 
		" 1"
		2 "|jointHierarchy_grp|root|pelvisResult_jnt|l_legUpperResult_jnt" "objectColor" 
		" 1"
		2 "|jointHierarchy_grp|root|pelvisResult_jnt|l_legUpperResult_jnt" "rotate" 
		" -type \"double3\" 0 0 0"
		2 "|jointHierarchy_grp|root|pelvisResult_jnt|l_legUpperResult_jnt" "rotateX" 
		" -av"
		2 "|jointHierarchy_grp|root|pelvisResult_jnt|l_legUpperResult_jnt" "rotateY" 
		" -av"
		2 "|jointHierarchy_grp|root|pelvisResult_jnt|l_legUpperResult_jnt" "rotateZ" 
		" -av"
		2 "|jointHierarchy_grp|root|pelvisResult_jnt|l_legUpperResult_jnt" "bindPose" 
		" -type \"matrix\" 0 -0.96960737346026371 0.24466618346532543 0 0 0.24466618346532551 0.96960737346026371 0 -1.00000000000000022 0 0 0 12.23463982778838499 98.36729939261876154 -11.9254885084271951 1"
		
		2 "|jointHierarchy_grp|root|pelvisResult_jnt|l_legUpperResult_jnt" "lockInfluenceWeights" 
		" 0"
		2 "|jointHierarchy_grp|root|pelvisResult_jnt|l_legUpperResult_jnt|l_legLowerResult_jnt" 
		"useObjectColor" " 1"
		2 "|jointHierarchy_grp|root|pelvisResult_jnt|l_legUpperResult_jnt|l_legLowerResult_jnt" 
		"objectColor" " 2"
		2 "|jointHierarchy_grp|root|pelvisResult_jnt|l_legUpperResult_jnt|l_legLowerResult_jnt" 
		"rotate" " -type \"double3\" 0 0 0"
		2 "|jointHierarchy_grp|root|pelvisResult_jnt|l_legUpperResult_jnt|l_legLowerResult_jnt" 
		"bindPose" " -type \"matrix\" 0 -0.98403966560216538 -0.17794925265810554 0 0 -0.17794925265810546 0.98403966560216527 0 -1.00000000000000022 0 0 0 12.23463982778838144 50.94171016985246325 0.91302849954528931 1"
		
		2 "|jointHierarchy_grp|root|pelvisResult_jnt|l_legUpperResult_jnt|l_legLowerResult_jnt" 
		"lockInfluenceWeights" " 0"
		2 "|jointHierarchy_grp|root|pelvisResult_jnt|l_legUpperResult_jnt|l_legLowerResult_jnt|l_legEndResult_jnt" 
		"useObjectColor" " 1"
		2 "|jointHierarchy_grp|root|pelvisResult_jnt|l_legUpperResult_jnt|l_legLowerResult_jnt|l_legEndResult_jnt" 
		"objectColor" " 3"
		2 "|jointHierarchy_grp|root|pelvisResult_jnt|l_legUpperResult_jnt|l_legLowerResult_jnt|l_legEndResult_jnt" 
		"bindPose" " -type \"matrix\" 0 -0.98403966560216538 -0.17794925265810554 0 0 -0.17794925265810546 0.98403966560216527 0 -1.00000000000000022 0 0 0 12.23463982778836368 9.08565654872259643 -7.59891552431344408 1"
		
		2 "|jointHierarchy_grp|root|pelvisResult_jnt|l_legUpperResult_jnt|l_legLowerResult_jnt|l_legEndResult_jnt" 
		"lockInfluenceWeights" " 0"
		2 "|jointHierarchy_grp|root|pelvisResult_jnt|r_legUpperResult_jnt" "useObjectColor" 
		" 1"
		2 "|jointHierarchy_grp|root|pelvisResult_jnt|r_legUpperResult_jnt" "objectColor" 
		" 1"
		2 "|jointHierarchy_grp|root|pelvisResult_jnt|r_legUpperResult_jnt" "bindPose" 
		" -type \"matrix\" 0 0.96960737346026393 -0.24466618346532512 0 0 -0.2446661834653252 -0.96960737346026393 0 -1.00000000000000022 0 0 0 -12.23460000000000747 98.3673 -11.92549999999999599 1"
		
		2 "|jointHierarchy_grp|root|pelvisResult_jnt|r_legUpperResult_jnt" "lockInfluenceWeights" 
		" 0"
		2 "|jointHierarchy_grp|root|pelvisResult_jnt|r_legUpperResult_jnt|r_legLowerResult_jnt" 
		"useObjectColor" " 1"
		2 "|jointHierarchy_grp|root|pelvisResult_jnt|r_legUpperResult_jnt|r_legLowerResult_jnt" 
		"objectColor" " 2"
		2 "|jointHierarchy_grp|root|pelvisResult_jnt|r_legUpperResult_jnt|r_legLowerResult_jnt" 
		"bindPose" " -type \"matrix\" 0 0.98403966560216549 0.17794925265810538 0 0 0.17794925265810529 -0.98403966560216538 0 -1.00000000000000022 0 0 0 -12.23459999999999859 50.94169999999999021 0.91302800000001483 1"
		
		2 "|jointHierarchy_grp|root|pelvisResult_jnt|r_legUpperResult_jnt|r_legLowerResult_jnt" 
		"lockInfluenceWeights" " 0"
		2 "|jointHierarchy_grp|root|pelvisResult_jnt|r_legUpperResult_jnt|r_legLowerResult_jnt|r_legEndResult_jnt" 
		"useObjectColor" " 1"
		2 "|jointHierarchy_grp|root|pelvisResult_jnt|r_legUpperResult_jnt|r_legLowerResult_jnt|r_legEndResult_jnt" 
		"objectColor" " 3"
		2 "|jointHierarchy_grp|root|pelvisResult_jnt|r_legUpperResult_jnt|r_legLowerResult_jnt|r_legEndResult_jnt" 
		"bindPose" " -type \"matrix\" 0 0.98403966560216549 0.17794925265810538 0 0 0.17794925265810529 -0.98403966560216538 0 -1.00000000000000022 0 0 0 -12.23460000000000214 9.08565999999998297 -7.59891999999999257 1"
		
		2 "|jointHierarchy_grp|root|pelvisResult_jnt|r_legUpperResult_jnt|r_legLowerResult_jnt|r_legEndResult_jnt" 
		"lockInfluenceWeights" " 0"
		5 3 "skeletonRN" "|jointHierarchy_grp.message" "skeletonRN.placeHolderList[1]" 
		""
		5 3 "skeletonRN" "|jointHierarchy_grp|root.bindPose" "skeletonRN.placeHolderList[2]" 
		""
		5 3 "skeletonRN" "|jointHierarchy_grp|root.message" "skeletonRN.placeHolderList[3]" 
		""
		5 3 "skeletonRN" "|jointHierarchy_grp|root.worldMatrix" "skeletonRN.placeHolderList[4]" 
		""
		5 3 "skeletonRN" "|jointHierarchy_grp|root.lockInfluenceWeights" "skeletonRN.placeHolderList[5]" 
		""
		5 3 "skeletonRN" "|jointHierarchy_grp|root.objectColorRGB" "skeletonRN.placeHolderList[6]" 
		""
		5 3 "skeletonRN" "|jointHierarchy_grp|root|pelvisResult_jnt.lockInfluenceWeights" 
		"skeletonRN.placeHolderList[7]" ""
		5 3 "skeletonRN" "|jointHierarchy_grp|root|pelvisResult_jnt.bindPose" 
		"skeletonRN.placeHolderList[8]" ""
		5 3 "skeletonRN" "|jointHierarchy_grp|root|pelvisResult_jnt.message" 
		"skeletonRN.placeHolderList[9]" ""
		5 3 "skeletonRN" "|jointHierarchy_grp|root|pelvisResult_jnt.worldMatrix" 
		"skeletonRN.placeHolderList[10]" ""
		5 3 "skeletonRN" "|jointHierarchy_grp|root|pelvisResult_jnt.objectColorRGB" 
		"skeletonRN.placeHolderList[11]" ""
		5 3 "skeletonRN" "|jointHierarchy_grp|root|pelvisResult_jnt|spine1Result_jnt.lockInfluenceWeights" 
		"skeletonRN.placeHolderList[12]" ""
		5 3 "skeletonRN" "|jointHierarchy_grp|root|pelvisResult_jnt|spine1Result_jnt.bindPose" 
		"skeletonRN.placeHolderList[13]" ""
		5 3 "skeletonRN" "|jointHierarchy_grp|root|pelvisResult_jnt|spine1Result_jnt.message" 
		"skeletonRN.placeHolderList[14]" ""
		5 3 "skeletonRN" "|jointHierarchy_grp|root|pelvisResult_jnt|spine1Result_jnt.worldMatrix" 
		"skeletonRN.placeHolderList[15]" ""
		5 3 "skeletonRN" "|jointHierarchy_grp|root|pelvisResult_jnt|spine1Result_jnt.objectColorRGB" 
		"skeletonRN.placeHolderList[16]" ""
		5 3 "skeletonRN" "|jointHierarchy_grp|root|pelvisResult_jnt|spine1Result_jnt|spine2Result_jnt.lockInfluenceWeights" 
		"skeletonRN.placeHolderList[17]" ""
		5 3 "skeletonRN" "|jointHierarchy_grp|root|pelvisResult_jnt|spine1Result_jnt|spine2Result_jnt.bindPose" 
		"skeletonRN.placeHolderList[18]" ""
		5 3 "skeletonRN" "|jointHierarchy_grp|root|pelvisResult_jnt|spine1Result_jnt|spine2Result_jnt.message" 
		"skeletonRN.placeHolderList[19]" ""
		5 3 "skeletonRN" "|jointHierarchy_grp|root|pelvisResult_jnt|spine1Result_jnt|spine2Result_jnt.worldMatrix" 
		"skeletonRN.placeHolderList[20]" ""
		5 3 "skeletonRN" "|jointHierarchy_grp|root|pelvisResult_jnt|spine1Result_jnt|spine2Result_jnt.objectColorRGB" 
		"skeletonRN.placeHolderList[21]" ""
		5 3 "skeletonRN" "|jointHierarchy_grp|root|pelvisResult_jnt|spine1Result_jnt|spine2Result_jnt|spine3Result_jnt.lockInfluenceWeights" 
		"skeletonRN.placeHolderList[22]" ""
		5 3 "skeletonRN" "|jointHierarchy_grp|root|pelvisResult_jnt|spine1Result_jnt|spine2Result_jnt|spine3Result_jnt.bindPose" 
		"skeletonRN.placeHolderList[23]" ""
		5 3 "skeletonRN" "|jointHierarchy_grp|root|pelvisResult_jnt|spine1Result_jnt|spine2Result_jnt|spine3Result_jnt.message" 
		"skeletonRN.placeHolderList[24]" ""
		5 3 "skeletonRN" "|jointHierarchy_grp|root|pelvisResult_jnt|spine1Result_jnt|spine2Result_jnt|spine3Result_jnt.worldMatrix" 
		"skeletonRN.placeHolderList[25]" ""
		5 3 "skeletonRN" "|jointHierarchy_grp|root|pelvisResult_jnt|spine1Result_jnt|spine2Result_jnt|spine3Result_jnt.objectColorRGB" 
		"skeletonRN.placeHolderList[26]" ""
		5 3 "skeletonRN" "|jointHierarchy_grp|root|pelvisResult_jnt|spine1Result_jnt|spine2Result_jnt|spine3Result_jnt|spine4Result_jnt.lockInfluenceWeights" 
		"skeletonRN.placeHolderList[27]" ""
		5 3 "skeletonRN" "|jointHierarchy_grp|root|pelvisResult_jnt|spine1Result_jnt|spine2Result_jnt|spine3Result_jnt|spine4Result_jnt.bindPose" 
		"skeletonRN.placeHolderList[28]" ""
		5 3 "skeletonRN" "|jointHierarchy_grp|root|pelvisResult_jnt|spine1Result_jnt|spine2Result_jnt|spine3Result_jnt|spine4Result_jnt.message" 
		"skeletonRN.placeHolderList[29]" ""
		5 3 "skeletonRN" "|jointHierarchy_grp|root|pelvisResult_jnt|spine1Result_jnt|spine2Result_jnt|spine3Result_jnt|spine4Result_jnt.worldMatrix" 
		"skeletonRN.placeHolderList[30]" ""
		5 3 "skeletonRN" "|jointHierarchy_grp|root|pelvisResult_jnt|spine1Result_jnt|spine2Result_jnt|spine3Result_jnt|spine4Result_jnt.objectColorRGB" 
		"skeletonRN.placeHolderList[31]" ""
		5 3 "skeletonRN" "|jointHierarchy_grp|root|pelvisResult_jnt|spine1Result_jnt|spine2Result_jnt|spine3Result_jnt|spine4Result_jnt|spineEndResult_jnt.lockInfluenceWeights" 
		"skeletonRN.placeHolderList[32]" ""
		5 3 "skeletonRN" "|jointHierarchy_grp|root|pelvisResult_jnt|spine1Result_jnt|spine2Result_jnt|spine3Result_jnt|spine4Result_jnt|spineEndResult_jnt.bindPose" 
		"skeletonRN.placeHolderList[33]" ""
		5 3 "skeletonRN" "|jointHierarchy_grp|root|pelvisResult_jnt|spine1Result_jnt|spine2Result_jnt|spine3Result_jnt|spine4Result_jnt|spineEndResult_jnt.message" 
		"skeletonRN.placeHolderList[34]" ""
		5 3 "skeletonRN" "|jointHierarchy_grp|root|pelvisResult_jnt|spine1Result_jnt|spine2Result_jnt|spine3Result_jnt|spine4Result_jnt|spineEndResult_jnt.worldMatrix" 
		"skeletonRN.placeHolderList[35]" ""
		5 3 "skeletonRN" "|jointHierarchy_grp|root|pelvisResult_jnt|spine1Result_jnt|spine2Result_jnt|spine3Result_jnt|spine4Result_jnt|spineEndResult_jnt.objectColorRGB" 
		"skeletonRN.placeHolderList[36]" ""
		5 3 "skeletonRN" "|jointHierarchy_grp|root|pelvisResult_jnt|spine1Result_jnt|spine2Result_jnt|spine3Result_jnt|spine4Result_jnt|spineEndResult_jnt|neckResult_jnt.lockInfluenceWeights" 
		"skeletonRN.placeHolderList[37]" ""
		5 3 "skeletonRN" "|jointHierarchy_grp|root|pelvisResult_jnt|spine1Result_jnt|spine2Result_jnt|spine3Result_jnt|spine4Result_jnt|spineEndResult_jnt|neckResult_jnt.bindPose" 
		"skeletonRN.placeHolderList[38]" ""
		5 3 "skeletonRN" "|jointHierarchy_grp|root|pelvisResult_jnt|spine1Result_jnt|spine2Result_jnt|spine3Result_jnt|spine4Result_jnt|spineEndResult_jnt|neckResult_jnt.message" 
		"skeletonRN.placeHolderList[39]" ""
